         0   -2.0000  -16.0000         0    0.0600         0
         0   -4.0000  -14.0000         0    0.0800         0
         0   -6.0000  -12.0000         0    0.0900         0
         0   -8.0000  -10.0000         0    0.1000         0
         0  -10.0000   -8.0000         0    0.1100         0
         0  -12.0000   -6.0000         0    0.1300         0
         0  -14.0000   -4.0000         0    0.1400         0
         0  -16.0000   -2.0000         0    0.1200         0
         0  -13.0000         0         0    0.0300         0
         0   16.0000    2.0000         0    0.1300         0
         0   14.0000    4.0000         0    0.1000         0
         0   12.0000    6.0000         0    0.1200         0
         0   10.0000    8.0000         0    0.0700         0
         0    8.0000   10.0000         0    0.0600         0
         0    6.0000   12.0000         0    0.0500         0
         0    4.0000   14.0000         0    0.0700         0
         0    2.0000   16.0000         0    0.0600         0
         0   -9.0000   -9.0000         0    0.0400         0
         0    9.0000    9.0000         0    0.0200         0
         0   -5.0000    5.0000         0    0.0100         0
         0  -20.0000   -5.0000         0    0.1000         0
         0  -18.0000   -7.0000         0    0.0800         0
         0  -16.0000   -9.0000         0    0.0600         0
         0  -14.0000  -11.0000         0    0.0500         0
         0  -12.0000  -10.0000         0    0.0400         0
         0  -10.0000   -8.0000         0    0.0300         0
         0   -8.0000   -6.0000         0    0.0200         0
         0   -6.0000   -4.0000         0   -0.0200         0
         0   -4.0000   -2.0000         0   -0.0400         0
         0   -2.0000   -1.0000         0   -0.0800         0
         0    2.0000    1.0000         0   -0.0600         0
         0    4.0000    3.0000         0   -0.0500         0
         0    6.0000    5.0000         0   -0.0300         0
         0    8.0000    7.0000         0   -0.0100         0
         0   10.0000    9.0000         0    0.0200         0
         0   12.0000   10.0000         0    0.0300         0
         0   14.0000   -9.0000         0    0.0400         0
         0   16.0000   -7.0000         0    0.0500         0
         0   18.0000   -5.0000         0    0.0700         0
         0   20.0000   -3.0000         0    0.0900         0
         0         0         0         0   -0.1100         0
         0         0   -1.0000         0   -0.1000         0
         0   -1.0000   -2.0000         0   -0.0800         0
         0   -2.0000   -4.0000         0   -0.0600         0
         0   -4.0000   -5.0000         0   -0.0400         0
         0   -5.0000   -7.0000         0   -0.0200         0
         0   -3.0000   -8.0000         0   -0.0100         0
         0   -1.0000   -9.0000         0    0.0100         0
         0    1.0000  -11.0000         0    0.0300         0
         0    3.0000    1.0000         0    0.0500         0
         0    5.0000    3.0000         0    0.0700         0
         0    7.0000    5.0000         0    0.0900         0
         0    9.0000    7.0000         0    0.1100         0
         0   11.0000    5.0000         0    0.1300         0
         0    7.0000    6.0000         0    0.1500         0
         0    5.0000    4.0000         0    0.1700         0
         0    3.0000    2.0000         0    0.2000         0
         0    1.0000    4.0000         0    0.1900         0
         0   -1.0000   -2.0000         0    0.2100         0
         0    1.0000    1.0000         0    0.2200         0